0.113,-0.097,0.571
0.125,-0.106,0.573
0.128,-0.112,0.581
0.213,-0.170,0.654
0.249,-0.070,0.720
0.233,0.117,0.617
0.248,0.078,0.653
0.172,-0.090,0.669
0.156,-0.171,0.649
0.148,-0.038,0.520
0.097,0.062,0.617
0.023,0.017,0.802
0.044,-0.063,0.829
0.033,-0.010,0.698
0.018,0.004,0.607
-0.067,0.044,0.378
-0.067,-0.129,0.698
-0.074,-0.317,0.890
0.076,0.076,0.806
0.075,0.231,0.882
-0.030,0.045,1.038
-0.040,-0.048,1.134
-0.048,0.138,1.256
-0.164,-0.118,1.261
-0.163,0.062,1.356
-0.215,0.325,1.699
-0.248,0.252,1.913
-0.253,-0.007,1.705
-0.066,0.091,1.425
0.035,0.327,1.229
0.020,0.266,1.253
-0.031,0.066,1.035
-0.022,-0.080,0.745
-0.023,0.061,0.835
-0.055,0.079,1.023
-0.019,0.050,1.133
-0.046,-0.056,1.126
-0.037,-0.066,1.181
-0.014,0.034,1.206
-0.013,0.082,1.309
-0.053,0.063,1.347
-0.037,-0.014,1.383
-0.005,0.004,1.206
0.002,0.015,1.007
0.062,0.057,0.963
0.106,0.162,1.019
0.114,0.239,0.962
0.072,0.125,0.813
0.021,-0.005,0.763
-0.010,-0.179,0.969
-0.058,-0.171,1.129
-0.062,-0.125,1.249
-0.065,-0.125,1.358
-0.053,-0.005,1.275
-0.051,-0.044,1.129
-0.052,-0.096,0.906
0.025,-0.124,0.805
0.096,-0.116,0.752
0.144,-0.022,0.655
0.162,0.096,0.617
0.193,-0.016,0.759
0.164,-0.074,0.814
0.134,-0.055,0.677
0.146,-0.014,0.505
0.160,-0.043,0.498
0.197,-0.104,0.641
0.227,-0.057,0.590
0.234,0.018,0.526
0.199,0.114,0.570
0.162,0.007,0.670
0.167,-0.007,0.679
0.121,-0.062,0.794
0.044,-0.105,0.855
0.009,-0.100,0.856
0.006,-0.067,0.913
-0.005,-0.094,1.048
0.101,0.047,0.968
0.053,0.177,0.944
-0.102,0.016,1.111
-0.039,-0.272,1.111
0.026,-0.067,0.835
0.008,0.071,0.949
-0.016,-0.123,1.117
0.026,-0.007,1.121
0.011,0.158,1.122
-0.027,0.021,1.186
-0.010,0.016,1.141
-0.122,0.113,1.261
-0.198,0.167,1.628
-1.038,0.089,1.887
-0.188,0.149,1.999
-0.262,0.135,1.636
-0.122,0.041,1.058
0.007,0.110,0.666
0.104,0.121,0.783
0.091,0.077,1.247
0.092,0.248,1.479
0.036,0.222,1.377
0.006,0.090,1.283
-0.018,-0.004,1.223
-0.032,0.024,1.040
-0.012,-0.059,0.906
-0.001,-0.129,0.984
0.041,-0.020,1.084
0.025,0.055,1.205
0.083,0.196,1.137
0.058,0.132,0.968
-0.031,-0.046,0.949
-0.070,-0.114,0.885
-0.065,-0.032,0.838
-0.046,0.135,0.813
0.066,0.256,0.698
0.135,0.053,0.762
0.144,-0.128,0.908
0.195,-0.097,0.775
0.217,0.065,0.552
0.200,0.112,0.594
0.181,-0.019,0.753
0.177,-0.010,0.771
0.134,-0.104,0.789
0.067,-0.218,0.722
0.093,-0.241,0.649
0.060,-0.224,0.498
0.123,-0.194,0.619
0.114,-0.047,0.671
0.127,0.089,0.689
0.113,0.103,0.717
0.096,-0.100,0.827
0.086,-0.125,0.904
0.015,0.062,0.939
-0.120,0.157,0.918
-0.077,-0.112,0.898
0.068,-0.245,0.577
0.104,-0.037,0.319
0.231,0.116,0.512
0.287,0.279,0.784
0.146,0.275,0.895
-0.001,0.209,1.020
0.009,-0.171,1.321
0.235,0.042,1.229
0.027,0.337,1.000
-0.100,0.139,1.203
-0.141,-0.019,1.670
-0.201,0.120,1.981
-0.250,0.146,1.944
-0.510,-0.045,1.999
-0.131,0.167,1.687
-0.069,-0.001,1.357
0.053,-0.118,0.946
0.175,0.039,0.823
0.200,0.172,0.881
0.144,0.218,1.048
0.167,0.134,1.414
0.202,0.158,1.465
0.124,0.296,1.401
0.084,0.173,1.476
0.028,0.093,1.344
0.001,0.068,1.082
-0.047,-0.083,0.966
-0.026,-0.120,1.047
0.049,0.119,0.929
0.068,0.063,0.833
0.099,0.006,0.872
0.142,-0.064,0.873
0.156,-0.079,0.823
0.172,-0.033,0.804
0.134,-0.062,0.905
0.150,-0.146,1.029
0.160,-0.148,0.926
0.155,-0.257,0.676
0.159,-0.159,0.636
0.180,-0.119,0.863
0.194,0.030,0.983
0.191,0.042,0.959
0.236,0.007,0.918
0.236,-0.018,0.814
0.223,0.001,0.733
0.182,-0.020,0.695
0.216,-0.089,0.663
0.253,-0.063,0.683
0.229,0.002,0.665
0.228,-0.039,0.672
0.230,-0.121,0.678
0.282,-0.095,0.738
0.240,-0.100,0.833
0.221,-0.153,0.871
0.191,-0.118,0.844
0.187,-0.068,0.876
0.146,-0.082,0.880
0.213,-0.098,0.848
0.277,-0.052,0.984
0.240,-0.050,1.099
0.234,-0.123,1.000
0.295,0.013,1.027
0.271,0.049,1.112
0.190,0.054,1.131
0.124,-0.027,1.097
0.098,-0.123,1.097
0.053,-0.110,1.033
0.101,0.022,0.908
0.147,0.044,0.903
0.192,-0.001,0.877
0.232,0.047,0.651
0.304,-0.161,0.576
0.334,-0.090,0.688
0.375,0.052,0.877
0.315,0.157,0.952
0.237,-0.055,1.016
0.228,-0.101,1.080
0.169,-0.101,1.080
0.124,-0.022,0.898
0.132,-0.010,1.006
0.133,-0.018,1.041
0.104,0.026,0.934
0.109,-0.019,0.936
0.079,-0.004,1.078
0.046,0.071,1.102
-0.014,0.008,1.041
-0.019,0.088,0.954
-0.037,0.038,0.951
-0.045,-0.039,0.978
0.017,-0.077,0.935
0.055,0.034,0.798
0.041,0.071,0.907
0.011,0.012,1.171
-0.033,0.095,1.164
-0.065,0.045,1.260
-0.118,0.020,1.369
-0.116,0.061,1.286
-0.043,0.037,1.046
0.016,0.047,0.837
0.022,0.067,0.788
-0.014,0.104,0.788
-0.019,0.278,0.845
-0.238,-0.063,1.498
-0.200,-0.005,1.774
-0.098,0.100,1.332
-0.038,-0.037,0.850
0.076,-0.030,0.706
0.096,0.038,0.768
0.030,0.170,0.830
-0.026,0.014,1.081
-0.058,0.086,1.695
-0.165,0.289,1.999
-0.700,0.530,1.999
-1.236,0.472,1.999
-1.415,0.293,1.999
-1.421,0.483,1.999
-1.086,0.332,-0.313
-0.225,-0.239,-2.000
0.119,-0.847,-1.812
-0.047,-0.475,-0.753
-0.012,-0.127,-0.203
0.265,0.146,-0.674
0.476,0.092,-1.155
0.515,0.118,-0.682
0.229,0.224,0.114
0.067,0.324,1.011
0.094,0.299,1.471
-0.063,0.281,1.493
-0.148,-0.110,1.537
-0.189,-0.177,1.344
-0.234,-0.131,1.473
-0.225,-0.074,1.603
-0.104,0.109,1.493
-0.084,0.093,1.303
-0.113,-0.067,1.201
-0.122,-0.135,1.037
-0.147,0.063,0.957
-0.170,0.002,1.152
-0.118,-0.028,1.205
-0.069,0.103,1.119
-0.033,0.139,1.147
-0.056,0.042,1.162
-0.081,-0.075,1.054
-0.016,0.090,0.980
-0.054,0.174,0.989
-0.098,0.023,1.137
-0.070,0.051,1.019
-0.050,-0.032,0.919
-0.002,0.017,0.783
-0.005,0.010,0.787
-0.012,0.029,0.881
-0.013,0.024,0.967
-0.006,0.085,0.924
-0.016,0.067,0.942
-0.061,0.021,1.014
-0.042,-0.022,1.090
-0.043,0.059,1.070
-0.070,0.072,1.054
-0.108,0.005,1.082
-0.115,0.016,1.083
-0.115,0.032,1.088
-0.114,0.035,1.071
-0.123,0.074,1.031
-0.125,0.063,1.002
-0.089,0.077,0.969
-0.055,0.117,0.977
-0.036,0.099,1.065
-0.034,0.077,1.024
-0.039,0.013,1.013
-0.035,-0.094,1.014
-0.046,-0.098,1.020
-0.073,-0.045,0.955
-0.108,-0.051,1.033
-0.142,-0.050,1.146
-0.128,0.018,1.121
-0.118,0.045,1.004
-0.094,0.030,0.913
-0.057,0.020,0.877
-0.038,0.032,0.925
-0.025,0.052,0.897
-0.031,0.039,0.908
-0.042,0.012,1.026
-0.034,0.108,1.059
-0.061,0.060,1.083
-0.050,0.066,1.124
-0.072,0.065,1.142
-0.096,-0.019,1.278
-0.139,-0.019,1.355
-0.135,0.014,1.350
-0.103,0.082,1.218
-0.060,0.085,1.115
0.007,0.085,1.011
0.044,0.064,0.972
0.037,0.053,1.079
0.012,0.123,1.214
-0.045,0.052,1.222
-0.018,0.060,1.046
0.043,-0.035,0.874
0.089,-0.016,0.726
0.091,-0.039,0.802
0.104,-0.061,0.960
0.143,-0.030,1.021
0.197,0.082,0.982
0.210,0.028,1.147
0.248,0.046,1.324
0.205,0.044,1.411
0.088,-0.021,1.485
-0.018,-0.022,1.475
-0.071,-0.073,1.070
0.001,-0.103,0.607
0.042,-0.105,0.225
0.084,-0.134,0.040
0.067,-0.111,0.021
0.064,-0.195,0.025
0.089,-0.208,0.147
0.190,-0.077,0.464
0.289,0.156,0.567
0.323,0.418,0.379
0.264,0.385,0.432
0.104,0.011,0.455
0.013,-0.405,0.683
-0.049,-0.309,0.896
0.014,-0.010,0.908
0.183,-0.026,0.706
0.154,0.045,0.857
-0.113,-0.128,1.447
-0.063,-0.132,1.579
-0.063,0.192,1.293
-0.117,-0.062,1.584
-0.095,-0.100,1.875
-0.064,0.160,1.828
-0.006,0.374,1.950
0.004,0.244,1.999
-0.062,0.286,1.999
-0.152,0.187,1.881
-0.200,0.119,1.574
-0.166,0.076,1.278
-0.112,0.099,1.007
-0.051,0.007,0.923
0.017,-0.010,0.820
0.114,0.050,0.726
0.063,0.049,0.861
0.037,0.024,0.961
0.050,0.117,0.885
0.017,0.024,0.761
-0.010,-0.048,0.393
-0.005,-0.176,0.122
0.013,-0.222,-0.015
0.077,-0.253,-0.178
0.123,-0.212,-0.173
0.138,-0.069,-0.032
0.090,0.002,0.337
0.093,0.051,0.517
0.122,0.128,0.552
0.097,0.048,0.682
0.063,-0.008,0.906
-0.046,0.058,1.219
-0.169,-0.036,1.489
-0.142,0.006,1.502
-0.229,0.099,1.651
-0.249,0.116,1.939
-0.183,0.180,1.940
-0.183,0.220,1.560
-0.137,-0.045,1.232
0.007,-0.124,1.153
-0.015,0.057,1.309
-0.118,0.193,1.442
-0.230,0.118,1.458
-0.229,0.046,1.392
-0.174,0.003,1.161
-0.102,0.099,0.846
-0.020,0.114,0.780
0.003,-0.014,0.905
-0.030,-0.052,1.033
0.043,0.013,1.044
0.050,0.128,1.016
0.002,0.215,1.209
-0.046,0.214,1.426
-0.092,0.216,1.343
-0.039,0.165,0.998
0.037,0.032,0.683
0.083,-0.005,0.608
0.109,0.019,0.840
0.120,0.019,1.081
0.082,0.043,1.171
0.059,0.041,1.226
0.068,-0.004,1.226
0.073,-0.042,1.017
0.081,-0.040,0.817
0.076,-0.097,0.813
0.080,-0.102,0.876
0.089,-0.034,0.914
0.134,0.030,0.817
0.161,0.016,0.650
0.150,-0.063,0.572
0.175,-0.013,0.576
0.195,0.033,0.531
0.164,-0.062,0.536
0.146,-0.168,0.573
0.181,-0.169,0.582
0.212,-0.053,0.578
0.209,0.039,0.603
0.146,0.073,0.619
0.076,-0.187,0.651
0.150,-0.234,0.679
0.208,0.004,0.767
0.073,0.124,0.826
-0.021,-0.126,1.029
-0.024,-0.245,1.285
-0.018,-0.093,1.130
-0.081,0.003,0.852
-0.035,0.026,0.907
0.000,0.071,1.176
-0.125,0.133,1.075
-0.124,-0.015,1.031
0.063,0.103,1.247
0.133,0.340,1.119
0.012,0.397,0.817
-0.140,0.112,1.007
-0.271,-0.162,1.401
-0.243,-0.136,1.604
-0.385,-0.026,1.579
-0.116,0.244,1.999
-0.120,0.185,1.895
-0.162,0.034,1.404
-0.049,0.024,1.136
-0.106,-0.007,1.035
-0.096,0.032,1.235
-0.086,0.072,1.316
-0.058,0.146,1.362
-0.189,0.150,1.537
-0.193,0.133,1.697
-0.203,0.203,1.517
-0.127,0.211,1.069
-0.008,0.053,0.772
0.006,-0.055,0.638
0.003,-0.004,0.696
-0.059,0.011,0.946
-0.006,-0.057,1.255
0.075,0.092,1.138
0.061,0.128,0.610
0.091,0.053,0.035
0.109,-0.128,-0.252
0.121,-0.253,-0.014
0.113,-0.145,0.376
0.122,-0.052,0.664
0.171,0.033,0.727
0.228,0.034,0.654
0.251,0.068,0.445
0.221,-0.013,0.372
0.144,-0.195,0.497
0.214,-0.112,0.483
0.254,0.133,0.229
0.132,-0.033,0.443
0.104,-0.214,0.766
0.166,-0.140,0.772
0.010,0.154,0.664
-0.125,0.133,1.027
-0.129,0.103,1.514
-0.172,0.155,1.698
-0.236,0.266,1.595
-0.162,0.219,1.618
-0.097,0.157,1.671
-0.193,-0.051,1.476
-0.124,0.051,1.361
-0.092,0.123,1.508
-0.177,0.233,1.591
-0.248,0.050,1.520
-0.194,0.049,1.254
-0.167,0.063,0.950
-0.139,0.082,0.725
-0.121,-0.003,0.602
-0.113,-0.065,0.572
-0.029,-0.077,0.545
0.057,0.183,0.477
0.046,0.187,0.538
-0.009,0.216,0.646
0.018,0.260,0.881
-0.040,0.238,1.000
-0.215,0.093,1.265
-0.167,-0.036,1.474
-0.248,0.175,1.353
-0.198,0.194,1.326
-0.155,0.057,1.222
-0.150,0.035,0.978
-0.109,0.070,0.805
-0.054,0.031,0.769
-0.055,0.095,0.770
-0.035,0.140,0.831
0.559,-0.608,1.999
-0.573,-0.087,1.447
0.130,0.086,0.841
-0.026,0.210,1.143
-0.218,-0.102,1.146
-0.156,-0.120,0.837
0.010,0.275,1.652
-0.043,-0.086,0.762
0.006,-0.236,1.326
0.073,0.225,1.196
0.015,0.216,1.018
0.038,0.137,0.962
0.014,0.021,1.080
0.034,0.046,0.999
0.059,-0.029,0.957
0.060,0.015,1.005
0.043,0.066,0.989
0.014,0.031,1.012
0.033,0.025,0.990
0.584,-0.232,0.951
0.516,-0.223,0.922
0.292,-0.143,1.002
0.251,-0.152,0.955
0.020,-0.037,0.858
-0.326,0.078,1.812
-0.186,0.092,0.829
-0.247,0.071,1.405
-0.190,0.082,0.947
-0.155,0.146,0.938
-0.134,0.148,1.001